118765868746514
272415012
1007820661
334388877
256135814
43881985
1829128707374243
446930746
320909954
522455848
1033462161
111848185957033
275392853
37971339
1028849950
365559059
510415913
432853351
262473020862894
220544119
237432744
309313746
234791469
1153360831468132
295685613
16189208
35513892
1761143684199293
933431800132099
151955802
691841300966660
13507366
337310646
236816988
255967478
444273323
3323684
964828
252053601
256517907
276422194
659321205
627551531
142502853051404
1585610888415258
279969475
1743777279245524
628654127329578
232527480485585
279757785
7920699
1024314474
117059525736412
1556053637750205
1262343310577886
233297313701255
185236185214294
662102871
142807822995848
565700628
213059083
177566142762480
1010342042
243539258
310190575
237720625
1015014220
159471597910690
384345862
178865212654361
674671704
1652242735008084
89595711
1035431279
1031415518
1269162753138803
703360225
417476513
6792196
1021563351
322177033
140415353257895
1016892212
243589116
34406337
611043335720393
434907690
891623687661970
1257579500926983
1340985352679655
1031487991
723688998
1028233165
293060571
270596082
1529134567166465
491796638
152313915517873
272869834
239459142
901549145
255256096
1084826898273948
13022653
316553794
125903151234110
659056087
246262532
328566900
442085267
236770247
572704406
441400340
452062813
1023223393
143993989566829
976122735833147
472264459
242053929
396603757
242727892
1027946142
282903349
264961080
1029128125
546688825678404
1020071426
743896719111549
322564
1019044203
441296997
891897072
383148493
352551343
1023202837
10279332
256877975
275532961
219997731
400400163
603595891
129026434496826
1301171006610180
242009190
413686282
996943785
1786030391651996
301983
1030004230
429168824116331
78927904
364908484
598594878
801543986555674
183541918780444
1031429240
303724294
239977145
1751208895206855
292113034
666019496919018
1697710823819540
521483351
305776005
1776172819362651
577187089337730
249623920
246317087
1019664245
256865482
202279070265252
444666212553137
263770884
1012735305
393389870
783213750
250518432
225075760
158935847578637
1015099585
241861367
947579802
967442070
202396446861484
127521697837041
240544825
362163957492712
744912719025934
371582233255775
1437425353230842
23084638
183139362204706
1797466113896758
440273318
575492526
287726412
1013937638
1778736209107627
270625917
648640944
1768022923270635
1224328114273353
48524001
373671196326499
313095322434042
533613
269837909
750951
1028676326
881777763
#626328896
600845140303769
695142162
1031780431
287682698362886
268058021
1664247563868820
585804143
1364446466970077
96345824
176901612854019
489954870
902027513295246
346162429
296839667458511
520019216
651576285
1161230580584122
1399333080095781
225281827
141741989908703
654322362
249624455
266617373
1030529985
298241701
352686375
336511725
679271653
315997109
1868374870115092
1025053937
866127843
309191912
372726998
1017749209
228571726
614799828910670
472531055
320865801
3966021
33502324
2209969
343094970
1031994873
73500
1850228868336135
462322337
901540848
10543795
1747559641941736
1051844
547578885
429241288
256050174
252750898521585
243712582412865
876544785
227734770
236870048
236172201
772658232828147
256090488
412472952439925
137367748
1031789564
1992833087669457
1924142081174475
